1 1 1 1
2 1 1 1
3 1 1 2
4 1 1 2
5 1 2 1
6 1 2 1
7 1 2 3
8 1 2 4
9 1 2 4
10 1 3 3
11 1 1 1
12 1 1 3
13 1 1 2
14 1 1 2
15 1 2 1
16 1 2 1
17 1 2 3
18 1 2 4
19 1 2 4
20 1 3 1
21 1 3 2
22 1 3 2
23 1 3 3
24 1 3 3
25 1 1 3
26 1 1 3
27 1 1 4
28 1 1 4
29 1 2 2
30 1 2 2
31 1 2 3
32 1 3 1
33 1 3 2
34 1 3 2
35 1 3 4
36 1 3 4
37 1 3 4
38 1 4 1
39 1 4 1
40 1 1 4
41 1 1 4
42 1 2 2
43 1 2 2
44 1 3 4
45 1 4 1
46 1 4 2
47 1 4 3
48 1 4 3
49 1 4 4
50 1 4 4
51 1 3 1
52 1 4 2
53 1 4 2
54 1 4 3
55 1 4 3
56 1 4 4
57 1 4 4
58 1 5 1
59 1 5 1
60 1 5 2
61 1 5 2
62 1 5 2
63 1 5 1
64 1 5 1
65 1 5 3
66 1 5 3
67 1 5 4
68 1 5 4
69 1 5 3
70 1 5 3
71 1 5 4
72 1 5 4
