1 1 1 1
2 2 1 2
3 1 1 3
4 2 1 4
5 1 2 1
6 2 2 2
7 1 2 3
8 2 2 4
9 1 2 5
10 3 3 1
11 4 1 5
12 3 1 6
13 4 1 7
14 3 1 8
15 4 2 6
16 3 2 7
17 4 2 8
18 3 2 9
19 4 2 10
20 2 3 2
21 2 3 3
22 1 3 4
23 2 3 5
24 1 3 6
25 2 1 9
26 1 1 10
27 2 1 11
28 1 1 12
29 2 2 11
30 1 2 12
31 2 2 13
32 4 3 7
33 3 3 8
34 4 3 9
35 3 3 10
36 4 3 11
37 3 3 12
38 4 4 1
39 3 4 2
40 4 1 13
41 3 1 14
42 4 2 14
43 3 2 15
44 1 3 13
45 2 4 3
46 1 4 4
47 2 4 5
48 1 4 6
49 2 4 7
50 1 4 8
51 3 3 14
52 3 4 9
53 4 4 10
54 3 4 11
55 4 4 12
56 3 4 13
57 4 4 14
58 2 5 1
59 1 5 2
60 2 5 3
61 1 5 4
62 2 5 5
63 3 5 6
64 4 5 7
65 3 5 8
66 4 5 9
67 3 5 10
68 4 5 11
69 2 5 12
70 1 5 13
71 2 5 14
72 1 5 15
